<svg width="72" height="72" viewBox="0 0 72 72" fill="none" xmlns="http://www.w3.org/2000/svg">
<path d="M70.5 25.5C70.5 67.83 70.725 65.28 69.96 66.96C69.4405 68.0938 68.5806 69.0375 67.5 69.66C65.505 70.86 69.525 70.5 7.49996 70.5C6.45287 70.4937 5.42567 70.2134 4.52045 69.6871C3.61522 69.1609 2.86349 68.4068 2.33996 67.5C1.16996 65.61 1.49996 67.65 1.49996 25.5L10.5 16.5H61.5L70.5 25.5Z" fill="#FFCC66"/>
<path d="M70.5 25.5C70.5 67.83 70.725 65.28 69.96 66.96C68.28 67.725 72.825 67.5 10.5 67.5C8.9087 67.5 7.38258 66.8679 6.25736 65.7426C5.13214 64.6174 4.5 63.0913 4.5 61.5V22.5L10.5 16.5H61.5L70.5 25.5Z" fill="#FFDE76"/>
<path d="M50.04 48.0751L53.04 51.0751H48.735L39.945 42.4201C38.5081 41.5339 36.8141 41.1584 35.1373 41.3544C33.4605 41.5504 31.8988 42.3064 30.705 43.5001C25.02 49.1551 23.835 50.3551 23.115 51.0751H18.885L21.885 48.0751L10.5 36.6151V6.00008C10.5026 5.07166 10.7923 4.16678 11.3294 3.40948C11.8665 2.65219 12.6247 2.07955 13.5 1.77008C14.505 1.38008 11.07 1.50008 57 1.50008C58.1935 1.50008 59.3381 1.97419 60.182 2.8181C61.0259 3.66201 61.5 4.80661 61.5 6.00008V36.6151L50.04 48.0751Z" fill="#DAD7E5"/>
<path d="M50.04 48.0751C62.04 59.9401 54.675 52.5751 69.66 67.5751C69.1353 68.4474 68.3904 69.1665 67.5 69.6601C53.28 55.4701 61.14 63.2701 39.9 42.3451C38.4631 41.4588 36.7692 41.0834 35.0923 41.2794C33.4155 41.4753 31.8538 42.2314 30.66 43.4251L4.5 69.6601C3.60097 69.1446 2.85542 68.3991 2.34 67.5001L21.84 48.0001L1.5 27.6301V25.5001L2.565 24.4351L24 45.8851C28.2 41.6701 30.63 38.2351 36 38.2351C38.1471 38.2001 40.2492 38.8518 42 40.0951L48 45.9751L69.435 24.4351L70.5 25.5001V27.6301L50.04 48.0751Z" fill="#FFBA55"/>
<path d="M61.5 6.00008V28.1251L47.895 41.7451C43.5 37.5001 43.74 37.6351 43.23 37.3201C40.6377 35.6753 37.5622 34.9633 34.5108 35.3015C31.4594 35.6396 28.6143 37.0077 26.445 39.1801L24 41.6401L13.5 31.1401V1.77008C14.505 1.38008 11.07 1.50008 57 1.50008C58.1935 1.50008 59.3381 1.97419 60.182 2.8181C61.0259 3.66201 61.5 4.80661 61.5 6.00008Z" fill="#EDEBF2"/>
<path d="M61.5 49.5001C61.5034 51.5652 60.9738 53.5962 59.9624 55.3967C58.951 57.1972 57.4921 58.7062 55.7268 59.7778C53.9614 60.8494 51.9494 61.4473 49.8854 61.5136C47.8213 61.5799 45.7751 61.1124 43.9446 60.1564C42.1141 59.2003 40.5613 57.7881 39.4364 56.0562C38.3116 54.3243 37.6527 52.3315 37.5235 50.2704C37.3943 48.2093 37.7992 46.1498 38.6991 44.291C39.5989 42.4323 40.9632 40.8372 42.66 39.6601C44.4587 38.4122 46.5645 37.6802 48.7494 37.5433C50.9343 37.4063 53.115 37.8697 55.0554 38.8832C56.9959 39.8967 58.6221 41.4216 59.7581 43.293C60.894 45.1644 61.4964 47.3109 61.5 49.5001Z" fill="#6FABE6"/>
<path d="M61.5001 49.5001C61.5069 51.9489 60.7521 54.3393 59.3401 56.3401C57.3393 57.7521 54.9489 58.5069 52.5001 58.5001C50.3109 58.4965 48.1644 57.8941 46.293 56.7581C44.4216 55.6222 42.8967 53.9959 41.8832 52.0555C40.8697 50.115 40.4063 47.9343 40.5433 45.7495C40.6802 43.5646 41.4122 41.4588 42.6601 39.6601C44.4588 38.4122 46.5646 37.6802 48.7495 37.5433C50.9343 37.4063 53.115 37.8697 55.0555 38.8832C56.9959 39.8967 58.6222 41.4216 59.7581 43.293C60.8941 45.1644 61.4965 47.3109 61.5001 49.5001Z" fill="#82BCF4"/>
<path d="M49.5 45C49.8978 45 50.2794 44.842 50.5607 44.5607C50.842 44.2794 51 43.8978 51 43.5C51 43.2033 50.912 42.9133 50.7472 42.6666C50.5824 42.42 50.3481 42.2277 50.074 42.1142C49.7999 42.0006 49.4983 41.9709 49.2074 42.0288C48.9164 42.0867 48.6491 42.2296 48.4393 42.4393C48.2296 42.6491 48.0867 42.9164 48.0288 43.2074C47.9709 43.4983 48.0007 43.7999 48.1142 44.074C48.2277 44.3481 48.42 44.5824 48.6666 44.7472C48.9133 44.912 49.2033 45 49.5 45Z" fill="#EDEBF2"/>
<path d="M51 54V48C51 47.6022 50.842 47.2206 50.5607 46.9393C50.2794 46.658 49.8978 46.5 49.5 46.5H48C47.6022 46.5 47.2206 46.658 46.9393 46.9393C46.658 47.2206 46.5 47.6022 46.5 48C46.5 48.3978 46.658 48.7794 46.9393 49.0607C47.2206 49.342 47.6022 49.5 48 49.5V54C47.6022 54 47.2206 54.158 46.9393 54.4393C46.658 54.7206 46.5 55.1022 46.5 55.5C46.5 55.8978 46.658 56.2794 46.9393 56.5607C47.2206 56.842 47.6022 57 48 57H51C51.3978 57 51.7794 56.842 52.0607 56.5607C52.342 56.2794 52.5 55.8978 52.5 55.5C52.5 55.1022 52.342 54.7206 52.0607 54.4393C51.7794 54.158 51.3978 54 51 54Z" fill="#EDEBF2"/>
<path d="M52.5 13.5H19.5C19.1022 13.5 18.7206 13.342 18.4393 13.0607C18.158 12.7794 18 12.3978 18 12C18 11.6022 18.158 11.2206 18.4393 10.9393C18.7206 10.658 19.1022 10.5 19.5 10.5H52.5C52.8978 10.5 53.2794 10.658 53.5607 10.9393C53.842 11.2206 54 11.6022 54 12C54 12.3978 53.842 12.7794 53.5607 13.0607C53.2794 13.342 52.8978 13.5 52.5 13.5Z" fill="#C6C3D8"/>
<path d="M52.5 22.5H19.5C19.1022 22.5 18.7206 22.342 18.4393 22.0607C18.158 21.7794 18 21.3978 18 21C18 20.6022 18.158 20.2206 18.4393 19.9393C18.7206 19.658 19.1022 19.5 19.5 19.5H52.5C52.8978 19.5 53.2794 19.658 53.5607 19.9393C53.842 20.2206 54 20.6022 54 21C54 21.3978 53.842 21.7794 53.5607 22.0607C53.2794 22.342 52.8978 22.5 52.5 22.5Z" fill="#C6C3D8"/>
<path d="M52.5 31.5H19.5C19.1022 31.5 18.7206 31.342 18.4393 31.0607C18.158 30.7794 18 30.3978 18 30C18 29.6022 18.158 29.2206 18.4393 28.9393C18.7206 28.658 19.1022 28.5 19.5 28.5H52.5C52.8978 28.5 53.2794 28.658 53.5607 28.9393C53.842 29.2206 54 29.6022 54 30C54 30.3978 53.842 30.7794 53.5607 31.0607C53.2794 31.342 52.8978 31.5 52.5 31.5Z" fill="#C6C3D8"/>
<path d="M71.9989 25.5C71.9989 24.615 72.1039 24.99 62.9989 15.885V6C62.9989 4.4087 62.3667 2.88258 61.2415 1.75736C60.1163 0.632141 58.5902 0 56.9989 0L14.9989 0C13.4076 0 11.8815 0.632141 10.7562 1.75736C9.63103 2.88258 8.99889 4.4087 8.99889 6V15.885C-0.361108 25.23 0.283892 24.525 0.118892 24.885C-0.0461083 25.245 -0.00110833 22.815 -0.00110833 64.5C-0.00110833 65.4849 0.192885 66.4602 0.569795 67.3701C0.946705 68.2801 1.49915 69.1069 2.19559 69.8033C2.89203 70.4997 3.71882 71.0522 4.62877 71.4291C5.53871 71.806 6.51398 72 7.49889 72H64.4989C65.4838 72 66.4591 71.806 67.369 71.4291C68.279 71.0522 69.1058 70.4997 69.8022 69.8033C70.4986 69.1069 71.0511 68.2801 71.428 67.3701C71.8049 66.4602 71.9989 65.4849 71.9989 64.5V25.5ZM68.5489 66.435L59.9989 57.915C62.1247 55.2326 63.1524 51.8429 62.8739 48.4316C62.5954 45.0203 61.0316 41.8421 58.4989 39.54L68.9989 29.115C68.9989 67.74 69.1789 65.1 68.5489 66.435ZM49.4989 39C51.5756 39 53.6057 39.6158 55.3324 40.7696C57.0591 41.9233 58.4049 43.5632 59.1996 45.4818C59.9943 47.4004 60.2023 49.5116 59.7971 51.5484C59.392 53.5852 58.392 55.4562 56.9235 56.9246C55.4551 58.3931 53.5841 59.3931 51.5473 59.7982C49.5105 60.2034 47.3993 59.9955 45.4807 59.2007C43.5621 58.406 41.9222 57.0602 40.7685 55.3335C39.6147 53.6068 38.9989 51.5767 38.9989 49.5C38.9989 46.7152 40.1051 44.0445 42.0743 42.0754C44.0434 40.1062 46.7141 39 49.4989 39ZM68.3839 25.5L62.9989 30.885V20.115L68.3839 25.5ZM11.9989 6C11.9989 5.20435 12.315 4.44129 12.8776 3.87868C13.4402 3.31607 14.2032 3 14.9989 3H56.9989C57.7945 3 58.5576 3.31607 59.1202 3.87868C59.6828 4.44129 59.9989 5.20435 59.9989 6V33.885L56.1289 37.755C53.7127 36.3652 50.9236 35.7629 48.1492 36.0317C45.3749 36.3005 42.7533 37.4272 40.6489 39.255C39.202 38.5421 37.6119 38.1676 35.9989 38.16C30.6439 38.16 28.3039 41.49 23.9989 45.81L11.9989 33.81V6ZM3.44889 66.435C2.80389 65.085 2.99889 67.62 2.99889 29.115L21.8839 48L3.44889 66.435ZM8.99889 30.885L3.61389 25.5L8.99889 20.115V30.885ZM7.49889 69C6.82842 68.996 6.16731 68.8423 5.56389 68.55L30.7039 43.5C31.7018 42.4948 32.9668 41.7967 34.3492 41.4883C35.7316 41.18 37.1734 41.2742 38.5039 41.76C36.7256 44.417 35.948 47.6188 36.3096 50.7954C36.6711 53.972 38.1483 56.9172 40.4782 59.1066C42.808 61.296 45.8392 62.5875 49.0322 62.7511C52.2251 62.9147 55.3725 61.9398 57.9139 60L66.4339 68.505C65.0839 69.195 69.9139 69 7.49889 69Z" fill="black"/>
<path d="M49.5 45C49.8978 45 50.2794 44.842 50.5607 44.5607C50.842 44.2794 51 43.8978 51 43.5C51 43.2033 50.912 42.9133 50.7472 42.6666C50.5824 42.42 50.3481 42.2277 50.074 42.1142C49.7999 42.0006 49.4983 41.9709 49.2074 42.0288C48.9164 42.0867 48.6491 42.2296 48.4393 42.4393C48.2296 42.6491 48.0867 42.9164 48.0288 43.2074C47.9709 43.4983 48.0007 43.7999 48.1142 44.074C48.2277 44.3481 48.42 44.5824 48.6666 44.7472C48.9133 44.912 49.2033 45 49.5 45Z" fill="black"/>
<path d="M48 57H51C51.3978 57 51.7794 56.842 52.0607 56.5607C52.342 56.2794 52.5 55.8978 52.5 55.5C52.5 55.1022 52.342 54.7206 52.0607 54.4393C51.7794 54.158 51.3978 54 51 54V48C51 47.6022 50.842 47.2206 50.5607 46.9393C50.2794 46.658 49.8978 46.5 49.5 46.5H48C47.6022 46.5 47.2206 46.658 46.9393 46.9393C46.658 47.2206 46.5 47.6022 46.5 48C46.5 48.3978 46.658 48.7794 46.9393 49.0607C47.2206 49.342 47.6022 49.5 48 49.5V54C47.6022 54 47.2206 54.158 46.9393 54.4393C46.658 54.7206 46.5 55.1022 46.5 55.5C46.5 55.8978 46.658 56.2794 46.9393 56.5607C47.2206 56.842 47.6022 57 48 57Z" fill="black"/>
<path d="M19.5 13.5H52.5C52.8978 13.5 53.2794 13.342 53.5607 13.0607C53.842 12.7794 54 12.3978 54 12C54 11.6022 53.842 11.2206 53.5607 10.9393C53.2794 10.658 52.8978 10.5 52.5 10.5H19.5C19.1022 10.5 18.7206 10.658 18.4393 10.9393C18.158 11.2206 18 11.6022 18 12C18 12.3978 18.158 12.7794 18.4393 13.0607C18.7206 13.342 19.1022 13.5 19.5 13.5Z" fill="black"/>
<path d="M19.5 22.5H52.5C52.8978 22.5 53.2794 22.342 53.5607 22.0607C53.842 21.7794 54 21.3978 54 21C54 20.6022 53.842 20.2206 53.5607 19.9393C53.2794 19.658 52.8978 19.5 52.5 19.5H19.5C19.1022 19.5 18.7206 19.658 18.4393 19.9393C18.158 20.2206 18 20.6022 18 21C18 21.3978 18.158 21.7794 18.4393 22.0607C18.7206 22.342 19.1022 22.5 19.5 22.5Z" fill="black"/>
<path d="M19.5 31.5H52.5C52.8978 31.5 53.2794 31.342 53.5607 31.0607C53.842 30.7794 54 30.3978 54 30C54 29.6022 53.842 29.2206 53.5607 28.9393C53.2794 28.658 52.8978 28.5 52.5 28.5H19.5C19.1022 28.5 18.7206 28.658 18.4393 28.9393C18.158 29.2206 18 29.6022 18 30C18 30.3978 18.158 30.7794 18.4393 31.0607C18.7206 31.342 19.1022 31.5 19.5 31.5Z" fill="black"/>
</svg>
